3,3
14
E,3,0
E,1,3
O,2,1
O,2,0
O,1,1
H,0,0,1
H,1,3,1
K,0,3,1,0
K,1,2,1,0
K,2,3,1,0
B,3,3
R,0,0,0,0,2,0
R,1,3,2,0,2,0
R,0,0,0,1,4,0
R,1,3,3,1,2,0
R,0,0,0,2,4,0
R,1,3,3,2,3,0
R,0,0,0,3,4,0
R,1,2,3,3,3,0
R,0,0,0,4,4,0
R,1,1,3,4,3,0
R,0,0,0,5,2,0
R,1,0,3,5,3,0
R,1,0,3,6,1,0
R,0,0,1,6,2,1
R,0,0,2,7,2,0
R,1,0,3,7,1,0
R,1,0,3,8,1,0
R,0,0,2,8,4,0
R,1,0,3,9,1,0
R,0,1,2,9,4,0
R,1,0,3,10,1,0
R,0,2,2,10,4,0
R,1,0,3,11,1,0
R,0,3,2,11,4,0
R,1,0,3,12,1,0
R,0,3,2,12,1,0
R,1,0,3,13,4,0
R,0,3,1,13,1,1
R,0,3,0,14,1,0
R,1,1,3,14,4,0
C,0,1,0,0,0
C,1,0,2,0,0
C,0,1,0,0,1
C,1,0,2,0,1
C,1,0,2,0,2
C,0,1,0,0,2
C,1,0,2,0,3
C,0,1,0,0,3
C,1,0,2,0,4
C,0,0,0,1,4
C,1,0,2,0,5
C,0,0,0,1,5
C,1,0,2,0,6
C,0,0,1,1,6
C,0,0,2,1,7
C,1,0,3,1,7
C,0,0,2,1,8
C,1,0,3,1,8
C,1,0,3,1,9
C,0,1,2,1,9
C,0,2,2,1,10
C,1,0,3,1,10
C,1,0,3,1,11
C,0,3,2,1,11
C,0,3,2,1,12
C,1,0,3,1,12
C,0,3,1,1,13
C,1,0,3,1,13
C,1,1,3,1,14
C,0,3,0,1,14
